        accu  pre_micro  recall_micro  f1_micro  pre_macro  recall_macro  f1_macro
0   0.057586   0.060570      0.056711  0.058577   0.000841      0.006266  0.001343
1   0.055217   0.058201      0.054493  0.056286   0.002115      0.006545  0.001781
2   0.052233   0.053894      0.050461  0.052121   0.001116      0.005450  0.001234
3   0.077612   0.095423      0.089343  0.092283   0.004054      0.017020  0.005913
4   0.319368   0.357081      0.334332  0.345332   0.091766      0.102469  0.081241
5   0.600129   0.649471      0.608093  0.628101   0.283732      0.264131  0.258458
6   0.686846   0.739080      0.691993  0.714762   0.403469      0.353616  0.357690
7   0.719177   0.773164      0.723906  0.747724   0.492582      0.415767  0.425834
8   0.735911   0.791036      0.740639  0.765009   0.539163      0.460372  0.477404
9   0.745939   0.801095      0.750058  0.774737   0.578748      0.491512  0.512085
10  0.755353   0.810447      0.758813  0.783781   0.640348      0.523362  0.550237
11  0.758213   0.813953      0.762097  0.787172   0.663100      0.549967  0.577035
12  0.756029   0.811862      0.760138  0.785149   0.680009      0.557283  0.587691
13  0.754491   0.809924      0.758324  0.783275   0.680735      0.570144  0.597820
14  0.753045   0.808693      0.757172  0.782085   0.665810      0.580291  0.601641
15  0.753384   0.809155      0.757604  0.782531   0.681286      0.587805  0.613076
16  0.757321   0.813031      0.761233  0.786280   0.691158      0.593955  0.621556
17  0.756029   0.812200      0.760455  0.785476   0.703771      0.595075  0.626289
18  0.757783   0.813677      0.761838  0.786904   0.706970      0.596059  0.626617
19  0.753168   0.808662      0.757143  0.782055   0.687696      0.606226  0.622657
20  0.751384   0.807063      0.755645  0.780508   0.688632      0.604366  0.626398
21  0.747478   0.802910      0.751757  0.776492   0.687441      0.600683  0.625581
22  0.750123   0.806048      0.754695  0.779526   0.708585      0.595264  0.627200
23  0.751477   0.807432      0.755991  0.780865   0.689887      0.604648  0.626673
24  0.751415   0.806571      0.755184  0.780032   0.688778      0.606381  0.629657
25  0.751876   0.807709      0.756250  0.781133   0.685163      0.605963  0.626391
26  0.751846   0.807278      0.755847  0.780716   0.701407      0.608443  0.635792
27  0.750062   0.805863      0.754522  0.779348   0.690744      0.605577  0.629320