        accu  pre_micro  recall_micro  f1_micro  pre_macro  recall_macro  f1_macro
0   0.154731   0.171429      0.160513  0.165792   0.008841      0.026867  0.011749
1   0.636274   0.683739      0.640179  0.661242   0.465162      0.470270  0.430868
2   0.764027   0.820506      0.768232  0.793509   0.666535      0.638088  0.633059
3   0.788729   0.846469      0.792540  0.818617   0.728236      0.675059  0.684686
4   0.794974   0.853175      0.798819  0.825103   0.748857      0.674847  0.694505
5   0.797004   0.855113      0.800634  0.826977   0.765693      0.676052  0.699621
6   0.797250   0.855759      0.801238  0.827602   0.757925      0.675023  0.698816
7   0.791805   0.849975      0.795824  0.822009   0.758907      0.674229  0.696380
8   0.790482   0.849145      0.795046  0.821205   0.763693      0.678574  0.703368
9   0.788729   0.847268      0.793289  0.819391   0.760205      0.671916  0.696278
10  0.784822   0.843146      0.789430  0.815404   0.746996      0.674694  0.694443
11  0.784115   0.842531      0.788854  0.814809   0.746719      0.663139  0.686221
12  0.782146   0.840690      0.787154  0.813042   0.727985      0.665704  0.678238
13  0.779685   0.838347      0.784937  0.810763   0.749701      0.663717  0.686039