        accu  pre_micro  recall_micro  f1_micro  pre_macro  recall_macro  f1_macro
0   0.104713   0.108370      0.101469  0.104806   0.003299      0.010458  0.002933
1   0.666636   0.715455      0.669873  0.691914   0.535162      0.476521  0.460209
2   0.762705   0.819890      0.767656  0.792914   0.669395      0.605293  0.611020
3   0.794081   0.852036      0.797753  0.824002   0.721069      0.654753  0.670290
4   0.804171   0.862526      0.807575  0.834146   0.763655      0.673672  0.697594
5   0.802387   0.861050      0.806192  0.832719   0.769406      0.671544  0.699008
6   0.799065   0.857574      0.802938  0.829357   0.777169      0.673382  0.703817
7   0.795066   0.853882      0.799482  0.825787   0.765204      0.670411  0.699785
8   0.789959   0.848683      0.794614  0.820759   0.755458      0.671070  0.697743
9   0.789652   0.848345      0.794297  0.820432   0.762030      0.661550  0.693495
10  0.787775   0.846438      0.792512  0.818587   0.764781      0.665543  0.696405
11  0.786606   0.845392      0.791532  0.817576   0.772448      0.666308  0.696887
12  0.783284   0.841824      0.788191  0.814125   0.772094      0.661337  0.694568
13  0.782023   0.840870      0.787298  0.813203   0.761311      0.664053  0.694603
14  0.782700   0.841362      0.787759  0.813679   0.764088      0.658206  0.690880
15  0.781685   0.840695      0.787183  0.813060   0.768086      0.664538  0.695136
16  0.778701   0.837553      0.784217  0.810008   0.751766      0.662797  0.691265